-4.8422778656708805e-02
-1.4812991852883024e-03
-2.4004590247443738e-02
-1.9434944461463402e-01
-1.6327192377524949e-01
2.1267655601176730e-02
2.2849874337483908e-01
-1.7043384900379258e-01
5.4257276053837802e-02
-6.4512146118165956e-02
-2.0078061590618601e-01
-6.5313498336561401e-02
1.1764905847635638e+00
2.4583690164087981e-02
1.7862294383970134e-02
3.9956748076936076e-02
2.2057233041758151e-01
-5.0785554186447424e-02
-3.2787907688546343e-02
1.7614500384578926e-02
2.3214220746134773e-01
-7.6064495303636903e-01
2.9452572979053345e-02
2.6331564040865396e-02
4.4528452434110410e-02
-2.9433456651855816e-01
9.8068633783641571e-02
-8.5831082948172349e-02
1.1822987682184176e-02
1.7873122666315480e-02
3.6121305091896200e-01
4.5198027820994698e-02
7.2487609894452028e-03
1.7370556664508530e-01
2.0472060420650481e-01
-6.8320250627583569e-03
5.8878087114248440e-02
-6.2689404212201445e-03
1.6010844218673125e-02
1.2755293194156456e-01
-8.4561104155474839e-02
7.4604379234383816e-02
1.5409543656413505e-01
-8.2408676433487586e-03
-4.3374507204110033e+00
-1.6801942646559401e-01
-7.2591294298303050e-02
2.5045344297367844e-01
-3.9354035778108816e-02
-9.4006375495455929e-03
-2.0624359876516323e-02
-1.0035436846450639e-03
-7.8986914392360788e-02
2.7892820703357742e-02
5.4329020769870459e-03
-4.7923023542136650e-02
-3.1178119222226635e-03
-1.2698962883636068e-03
5.8912074457425738e-03
8.7778257310644647e-02
6.1975323522427600e-02
-9.0519392569219245e-02
3.1802918130629070e-02
1.5891401496013490e-02
-4.5256889726903511e-02
-8.1727475657657877e-03
3.2028354606561595e-02
-4.6226498715940768e-03
1.2658724399172889e-02
-1.6173064258617642e-01
1.0009913864961191e-01
5.7496212906019295e-01
-5.6317205467428813e-02
-2.2577780626677610e-01
-3.5544238928489097e-02
-1.3751823806057660e-02
-4.4615634238136435e-02
5.8106070076865329e-02
-6.0471676620682341e-02
1.2223506158529109e-02
-2.5331607013372359e-01
-3.5687744620205401e-03
-1.2181745704964417e-02
-7.3900702790510087e-02
4.1940400213880680e-02
-2.2320772873362227e-01
-7.8862216042646260e-02
5.7185794384485211e-03
3.6787901365047275e-02
5.3226666957016666e-02
1.4479319183827352e-01
1.1427513735865653e-01
-1.2024322482680210e+00
9.6399510818364394e-03
-9.1085932535337824e-02
-6.3600221921526895e-03
-6.3237080821311897e-01
1.4670154587959403e-01
1.4140403576954161e-01
4.0290325209276057e-02
2.5405249734279840e-02
-1.1278644737749240e-01
-4.8682546590492405e-02
1.3658081230598654e-02
-2.1896091138961984e-02
-3.5783256737618874e-01
-8.6693024769152818e-02
-2.9598885625013375e-03
8.7084740876056440e-03
-7.2583489865812603e-02
1.9671098776825362e-02
-2.3654417571941370e-02
1.9775813638142237e-01
6.4556250042320587e-02
8.1071547143301703e-01
-8.0787231288494979e-02
8.6319825777244914e-04
3.3718234840068090e-01
-1.1413314676790395e-02
-2.2302817725692203e-02
1.3855183044709075e-02
-2.6169433712694746e-02
9.3562826493774603e-03
-3.2883637360529705e-01
-1.2622478236802856e-01
1.1608019959462307e-01
-1.2369285745341515e-02
4.9302625068045920e+00
8.2033288065628651e-02
-4.3136602905535060e-02
-5.1387263230961315e-02
-1.0751488480003202e-01
-3.8920700837581111e-02
-4.4814316134670712e-02
2.2701388805667150e-01
3.9986289334140841e-02
-5.8616191100589951e-03
2.2581130868481132e-02
3.9911281270163794e-02
-2.0580927399798797e-02
-3.7004924209606625e-02
-1.5421329167289220e-02
-1.6883458110989624e-02
-9.7890721915408277e-03
2.2564738179264086e-03
2.0954025525589592e-01
-9.6970827261082405e-03
-4.2718720197683926e-02
2.7902763486400375e-02
5.8940232786315189e-02
1.5729673604965388e-01
3.0000126485810408e-02
-1.5577416193189711e-02
-2.3487181439724784e-02
-1.9293602143136843e-01
1.2827702330026389e-01
-8.9806772176612190e-02
8.8977582029871174e-02
1.6926590714823147e-02
-6.7263747952145542e-02
1.2650678095408724e-01
-7.2108279838568423e-01
1.7201287733360299e-02
3.4652674970320568e-01
-2.8942090937577764e-01
1.2449556997785337e-01
5.1951989885527919e-02
6.6456235649773529e-02
-5.7163097310855962e-02
-1.9730625635053478e-01
-8.6935768106069303e-02
-5.7966483359020764e-02
-3.4342797383302405e-02
-2.6692268681139577e-02
-1.1494564392848331e-02
-4.3909892649974490e-02
8.8901187827416989e-02
-9.5264493448218523e-02
-2.5853265710948897e-01
-9.0915417749161710e-03
-4.3438550291272859e-02
-5.2175021226657695e-02
4.0748976503338979e-03
-7.0358642891490478e-02
2.3394035005517619e-01
-1.3887547153030411e-01
1.2586818398306440e-01
8.4081557058120135e-02
-2.7758570098106045e-01
6.4573378078704974e-02
-8.1117948020496045e-02
2.8799219140900245e-01
-9.2411617164046035e-03
-4.1473901614776106e-02
2.1538439621382521e-02
5.3650867955820705e-03
7.4087197511371758e-02
9.1342116761764028e-02
8.1987839273737873e-02
-5.0156614003470619e+00
-7.9504523525632653e-03
4.9872441571044229e-02
-4.9635795165079842e-02
1.3364768756420587e-02
4.1048645887789274e-02
-1.8130005520709302e-01
-2.0574565113004917e-01
-3.6416807953276359e-01
-6.6848875011546927e-01
-1.2476192538665268e-01
6.2469840396901455e-02
7.1014524548517243e-03
-2.3505574187949241e-02
3.7321547236716635e-01
3.2040359312170510e-03
1.1627393647396751e+00
3.4374133724155202e-02
2.0239489328366655e-01
-9.7782888518620908e-03
6.1796183357450164e-02
-3.3681570019005146e-02
-1.0856505477155824e-02
1.2186870503735053e-01
-8.5429786046231027e-02
2.4644707356494641e-01
-7.8842427954081051e-01
9.9474137918231148e-02
1.3144494718630176e-02
-3.9182525197441226e-02
1.2594205062127535e-02
8.2894884905843694e-02
1.1707930839657595e-01
1.6048742975219146e-01
5.3710988369810524e-02
-1.1862153225161405e-01
-1.3735163850604217e-03
-2.9677876997380601e-02
-3.7150111435890239e-04
2.0970725079485414e-02
-3.0932030655875659e-01
5.7141612942603219e-02
-1.3362719860466728e-02
4.7738746249717030e-02
5.7604065441123703e-02
-9.8368646809664367e-03
-5.9980561514313679e-01
3.2992721455423107e-01
1.2994799813531557e-01
8.2440042608005429e-02
-1.4003938662892318e-02
-2.7158109617221100e-02
-9.9231579861232086e-02
9.9493912851522454e-02
-7.3004743878000530e-02
1.7192507694163240e-02
-1.8884603391564971e-02
4.3435086646887819e-02
-3.2348733976757790e-02
4.6400243775359978e-01
6.5623878230755273e-02
2.3993332495798644e-02
-3.7116438346646373e-02
-6.5650868427865799e-02
3.5790844927196186e-01
-1.7862759197513539e-02
-1.3185894162741012e-02
1.9009689065987351e-02
-2.0699806473894390e-02
-2.6423543844232084e-02
-2.6148099607068076e-01
2.2592421921078563e+00
-5.1620804071772470e+00
-6.1379293186752941e-02
1.5354974089853052e-02
-7.5501479009264780e-02
9.0158091224158177e-01
9.1199300241781134e-02
-1.0380781531828742e-03
2.2353070013761387e-02
-1.6852970835635636e-01
2.8545639398306434e-02
-8.1905189983557211e-02
9.3126929060481034e-02
2.2918027629958859e-01
-8.5226743109096309e-02
6.6265031254599771e-01
1.3549177276381906e-02
6.7696197904029518e-02
6.7072553963997500e-02
7.6735527208851032e-02
-8.3163363574774218e-02
-9.1387744925900044e-02
-2.5307498592290374e-02
-4.5877637527628690e-02
-5.7233240301185362e-01
-3.0942189376050828e-02
2.6688331045159309e-02
1.9927222973605685e-05
-1.0338398768474795e-01
2.3941625019393443e-02
-1.7874199475022845e-01
3.3792190607392207e+00
-9.1438981293875711e-03
-6.6434147732312210e-02
-6.4483415171684377e-02
-6.0534477525064224e-02
2.5421291330657032e-02
1.4602821567035082e-01
1.1504165906579194e-02
-5.3750505970007356e-02
1.7546840276880433e-03
2.0908028114509747e-01
-1.1478168617180669e-01
-2.5501980314314221e-02
7.6536656332532538e-02
-2.3335516922557797e-01
9.5214182741754777e-04
1.2382561369887550e-02
-2.9283110689175142e-02
2.4855613838727508e-01
-4.4052248499837361e-02
-2.1115440479856576e-01
-1.4205004322327161e-01
2.9074724266278815e-02
1.2148591245772299e-02
8.9160259233939682e-03
4.2162063238204005e-02
9.4915475535380114e-02
6.1804789036118503e-02
1.9536584177844205e-01
3.4692167578720831e-02
2.4871171093624224e-03
-2.4315155511094120e-02
2.0898529650423794e-01
1.0089048045449286e-02
-9.1782914917448912e-03
-2.4093107823078150e-02
5.2329836400553255e-02
6.2749740644005592e-01
1.8614080338285582e-02
4.9051471221734477e-02
5.6414639340590600e-01
-7.1969388846038526e-02
-6.1782366450620997e-02
-7.3781758012293208e-01
-1.7577995816351957e-01
-6.4547153035984392e-02
-2.4481907432589378e-02
4.8340482857071869e-02
-5.7581128457800251e-03
-7.5041888504174009e-02
-5.5322229558685876e-02
-2.9346447518581138e-02
3.2370042691964445e+00
1.7153174728788106e-02
7.7265652067409079e-04
1.5381913560237534e-02
-2.5619445911892463e-01
2.2737131618163622e-02
2.7564612184526778e-02
-1.4684825718158864e-01
-8.4971508099562221e-02
-2.8260060634707346e-02
-5.8018987926834853e-02
-1.9790428252203740e-01
-3.7690886450323022e-02
-1.9313637971165296e-02
-2.0102818417712306e-01
-6.9537191780156482e-01
-1.1008339854499641e-01
-5.2620630015867177e-02
-3.7114773531469421e-02
4.9670403927911694e-01
-3.8685180498729245e-02
-6.8626062875062153e-03
-1.5683476599379201e-02
4.9641332801700022e-02
-2.7523803738673636e-02
5.7217841651808488e-03
-6.1250641618876070e-02
-4.0692221606373306e-02
-4.5501062381908097e-01
-1.0815198820682477e-01
-5.8278483057447143e-02
3.2982562752377792e-02
2.0767331537580875e+00
-2.7966465974430965e-01
3.8335159064380425e-02
-5.4337683802373041e-02
1.3803223681648061e-02
-1.2958515953805869e-01
-5.7416445789812046e-02
8.4624945005147799e-03
-1.3472648668675921e-01
1.7480488713771371e-02
-1.1575875544159309e-02
-1.1092252122394970e-01
-8.1254439839419795e-02
7.6488892823162839e-03
5.4605049800471067e-02
3.6403267311472080e-03
-3.9837453698708378e-02
4.4509057359670375e-02
-1.0606063663341302e-01
-1.3757414818754074e-01
-1.6874648366121014e-02
1.8464832092644479e-01
-1.0238433088334109e-01
-8.0157355549715481e-02
-4.3207595755710433e-02
-5.4795219745065439e-02
-6.3461659564326145e-02
1.2136375374503121e-02
-2.6289190606658214e-01
-6.5852873350256830e-02
-3.6055292084393571e-02
-5.6350218008686975e-02
-7.1450275783434880e-02
-2.8753567192974224e-02
-9.8050129081002746e-02
-1.6795097991949226e-02
3.4640651384301684e+00
5.9420705626696040e-02
1.1679108560167351e-01
4.1218871189346576e-03
1.9954469185657575e-01
3.7350149975037959e-02
-4.0267238432663603e-02
-4.0338992472575108e-02
-4.7464690361228100e-02
5.1339749406173335e-02
1.0220101061021971e-02
3.7409457463197231e-02
1.3299941057611592e-02
-1.7820003239834681e-01
-1.5572566302727292e-01
-3.0845081865982671e-01
-1.0520732522729415e-01
1.9891089320730932e-02
-3.5855204208320141e-02
7.4765771147606339e-02
-5.5732371497175831e-02
-3.1390580879437545e-02
-1.2249233997913462e-02
-1.8004138167200333e-02
-4.4938912296162399e-03
-6.9439805641678259e-02
1.8523107964857918e-01
1.1855227069638959e-02
4.2509086620211489e-01
-3.6888509793853268e-02
-2.0498925565259349e+00
-2.4339498473746943e-01
5.9948521706006778e-02
2.2635996278266268e-01
1.8216022786875459e-02
-3.9969124798563335e-02
1.7610860741051151e-03
-2.5550341769234763e-02
-3.6836604861083938e-01
2.1292400768062478e-02
-1.9442237685227293e-02
1.6435731586107769e-01
3.2650147959885134e-02
-1.7991658878590502e-01
7.2433672225630033e-03
-9.8934112962557497e-02
-2.0871131702001257e-02
-4.0203381710795325e-03
-7.2836355942085193e-03
-1.4867779722836946e-01
3.2643394390692798e-01
-3.1815224897031265e-02
3.2821715031417516e-02
2.7322197171567331e-01
-2.9747108230732705e-02
-2.4095481723801885e-02
-8.2657277451089695e-02
1.1548964095492063e-01
-6.9679038434125831e-02
5.8194095042188101e-02
-6.7653199931571886e-02
-6.7501621875083143e-02
3.2724026784494009e-01
1.3243587395282650e+00
3.3969256202485060e-02
-4.4557682161963090e-02
1.6301025218224519e-01
-1.4218517904483155e-02
-4.8095338010150757e-01
2.5282676595680356e-02
-6.4531308137911234e-02
-1.8881528003649481e-01
2.5018835457228512e-02
-1.0915668019782407e-02
-6.9573342699734966e-03
-9.5325485602453172e-02
7.6398438243648503e-01
-5.0740241265992261e-02
3.8215971407924883e-02
